date,open,high,low,close,volume,average,barcount
2020-09-04 04:00:00,347.0,347.04,346.74,346.74,189,346.974,47
2020-09-04 04:05:00,346.75,347.06,346.69,347.06,33,346.945,11
2020-09-04 04:10:00,346.89,347.22,346.76,347.19,59,346.813,23
2020-09-04 04:15:00,347.26,347.44,347.11,347.11,133,347.34,41
2020-09-04 04:20:00,347.09,347.11,347.09,347.11,3,347.104,2
2020-09-04 04:25:00,347.08,347.36,347.08,347.21,25,347.229,10
2020-09-04 04:30:00,347.2,347.76,347.17,347.7,56,347.556,23
2020-09-04 04:35:00,347.73,347.8,347.56,347.63,65,347.64,14
2020-09-04 04:40:00,347.61,347.66,347.47,347.51,87,347.58,33
2020-09-04 04:45:00,347.29,347.47,347.29,347.47,13,347.399,8
2020-09-04 04:50:00,347.45,347.7,347.45,347.64,15,347.678,5
2020-09-04 04:55:00,347.46,347.46,347.36,347.36,6,347.435,3
2020-09-04 05:00:00,347.6,347.6,347.49,347.49,3,347.527,2
2020-09-04 05:05:00,347.48,347.48,347.34,347.37,23,347.453,8
2020-09-04 05:10:00,347.4,347.4,347.31,347.33,22,347.364,14
2020-09-04 05:15:00,347.25,347.25,347.25,347.25,12,347.25,3
2020-09-04 05:20:00,347.3,347.35,347.3,347.35,6,347.308,2
2020-09-04 05:25:00,347.54,347.6,347.5,347.5,37,347.549,8
2020-09-04 05:30:00,347.43,347.43,347.22,347.28,26,347.267,11
2020-09-04 05:35:00,347.45,347.55,347.45,347.53,39,347.52,13
2020-09-04 05:40:00,347.6,347.67,347.6,347.64,32,347.652,12
2020-09-04 05:45:00,347.69,347.93,347.58,347.93,59,347.766,26
2020-09-04 05:50:00,347.95,348.27,347.95,348.27,226,348.125,63
2020-09-04 05:55:00,348.19,348.32,348.19,348.26,84,348.263,26
2020-09-04 06:00:00,348.36,348.44,348.35,348.39,55,348.39,20
2020-09-04 06:05:00,348.27,348.38,348.24,348.32,145,348.343,41
2020-09-04 06:10:00,348.32,348.5,348.32,348.34,22,348.444,12
2020-09-04 06:15:00,348.19,348.19,347.65,347.65,49,347.979,25
2020-09-04 06:20:00,347.67,347.67,347.31,347.34,73,347.413,23
2020-09-04 06:25:00,347.32,347.53,347.29,347.4,59,347.383,22
2020-09-04 06:30:00,347.39,347.54,347.36,347.47,57,347.422,23
2020-09-04 06:35:00,347.52,347.52,347.4,347.44,25,347.436,6
2020-09-04 06:40:00,347.44,347.45,347.35,347.4,24,347.407,8
2020-09-04 06:45:00,347.37,347.44,347.16,347.29,232,347.236,80
2020-09-04 06:50:00,347.26,347.32,347.26,347.32,163,347.315,47
2020-09-04 06:55:00,347.32,347.33,347.26,347.28,626,347.295,178
2020-09-04 07:00:00,347.2,347.27,346.67,346.79,531,347.084,165
2020-09-04 07:05:00,346.9,347.02,346.55,346.73,428,346.816,174
2020-09-04 07:10:00,346.68,346.7,346.04,346.28,1159,346.41,365
2020-09-04 07:15:00,346.24,346.24,345.92,346.01,229,346.045,83
2020-09-04 07:20:00,346.1,346.41,346.0,346.41,296,346.273,98
2020-09-04 07:25:00,346.41,346.47,346.07,346.07,363,346.332,85
2020-09-04 07:30:00,346.02,346.02,345.44,345.44,532,345.738,159
2020-09-04 07:35:00,345.43,345.63,345.34,345.46,799,345.514,228
2020-09-04 07:40:00,345.45,345.47,345.02,345.31,322,345.133,90
2020-09-04 07:45:00,345.29,345.36,345.02,345.34,424,345.222,130
2020-09-04 07:50:00,345.34,345.34,344.96,345.23,431,345.111,155
2020-09-04 07:55:00,345.18,345.25,344.79,345.06,437,344.971,155
2020-09-04 08:00:00,345.49,348.4,344.23,345.61,852,345.67,261
2020-09-04 08:05:00,345.57,345.72,345.23,345.27,863,345.522,242
2020-09-04 08:10:00,345.24,345.39,344.97,345.27,536,345.151,191
2020-09-04 08:15:00,345.19,345.39,345.0,345.12,590,345.248,126
2020-09-04 08:20:00,345.16,345.72,345.05,345.72,165,345.279,75
2020-09-04 08:25:00,345.72,345.75,345.29,345.52,630,345.621,203
2020-09-04 08:30:00,345.95,346.6,344.84,346.23,4117,345.967,1650
2020-09-04 08:35:00,346.17,346.29,345.53,346.04,1681,345.931,551
2020-09-04 08:40:00,345.99,346.79,345.96,346.79,841,346.39,335
2020-09-04 08:45:00,346.77,347.33,346.66,347.2,939,347.064,366
2020-09-04 08:50:00,347.14,347.19,346.9,346.97,1136,347.054,319
2020-09-04 08:55:00,346.93,346.93,346.4,346.54,1492,346.655,457
2020-09-04 09:00:00,346.49,347.15,346.4,347.07,407,346.799,158
2020-09-04 09:05:00,347.07,347.11,346.75,346.82,383,346.881,118
2020-09-04 09:10:00,346.77,346.9,346.52,346.87,564,346.655,214
2020-09-04 09:15:00,346.96,347.18,346.81,347.14,435,347.063,161
2020-09-04 09:20:00,347.15,347.37,347.09,347.25,515,347.209,179
2020-09-04 09:25:00,347.16,347.2,345.87,346.11,3697,346.322,902
2020-09-04 09:30:00,346.13,347.66,345.51,347.41,25498,346.511,9918
2020-09-04 09:35:00,347.47,347.83,346.44,346.46,12785,347.351,6674
2020-09-04 09:40:00,346.46,347.09,345.94,346.17,16772,346.46,8480
2020-09-04 09:45:00,346.21,346.37,344.68,344.85,18189,345.218,9397
2020-09-04 09:50:00,344.84,345.39,343.54,343.69,16075,344.574,8421
2020-09-04 09:55:00,343.72,344.03,343.05,343.56,20719,343.462,10738
2020-09-04 10:00:00,343.55,344.72,343.38,344.18,13349,344.097,7511
2020-09-04 10:05:00,344.17,344.25,343.51,343.81,8384,343.853,4977
2020-09-04 10:10:00,343.81,344.0,342.1,342.2,13994,342.934,7679
2020-09-04 10:15:00,342.21,342.74,340.28,340.36,23754,341.455,13080
2020-09-04 10:20:00,340.36,341.58,339.97,340.48,23866,340.664,12361
2020-09-04 10:25:00,340.47,341.18,339.08,339.23,20060,340.211,9556
2020-09-04 10:30:00,339.24,340.13,338.69,338.75,17682,339.376,9315
2020-09-04 10:35:00,338.75,339.15,336.24,337.74,27515,337.437,13738
2020-09-04 10:40:00,337.72,337.79,334.87,335.14,27832,336.447,14093
2020-09-04 10:45:00,335.11,337.52,335.11,337.38,22884,336.455,12201
2020-09-04 10:50:00,337.38,337.64,336.18,337.63,17159,336.872,9562
2020-09-04 10:55:00,337.63,338.96,337.34,338.42,16650,338.38,9252
2020-09-04 11:00:00,338.41,338.79,337.12,338.15,12111,337.957,7332
2020-09-04 11:05:00,338.17,338.33,336.87,337.11,8197,337.433,4953
2020-09-04 11:10:00,337.11,338.04,336.76,337.94,9179,337.376,5771
2020-09-04 11:15:00,337.9,338.25,336.73,337.65,10061,337.471,5851
2020-09-04 11:20:00,337.64,337.66,336.46,336.53,8278,336.977,5420
2020-09-04 11:25:00,336.53,336.59,335.42,336.39,11798,335.889,7292
2020-09-04 11:30:00,336.4,337.79,336.27,337.78,12089,337.1,7207
2020-09-04 11:35:00,337.77,338.29,337.43,338.11,9746,337.913,5521
2020-09-04 11:40:00,338.12,338.24,336.69,336.74,14107,337.574,9814
2020-09-04 11:45:00,336.71,337.78,336.69,337.57,6961,337.404,3833
2020-09-04 11:50:00,337.58,339.23,337.25,339.18,10529,338.412,5319
2020-09-04 11:55:00,339.18,339.55,338.33,339.21,10826,338.961,6220
2020-09-04 12:00:00,339.22,339.78,339.01,339.36,9898,339.461,5391
2020-09-04 12:05:00,339.39,339.68,338.5,338.6,9904,339.074,5521
2020-09-04 12:10:00,338.64,339.33,338.32,338.94,6986,338.784,3902
2020-09-04 12:15:00,338.96,339.29,338.05,338.41,7218,338.625,4124
2020-09-04 12:20:00,338.41,339.63,338.31,339.57,6482,338.834,3539
2020-09-04 12:25:00,339.56,340.55,339.43,340.5,9311,340.008,4709
2020-09-04 12:30:00,340.49,340.97,340.08,340.94,9335,340.625,4771
2020-09-04 12:35:00,340.95,341.43,340.74,340.98,10854,341.097,5138
2020-09-04 12:40:00,341.01,341.43,340.54,340.95,8198,341.072,4175
2020-09-04 12:45:00,340.95,341.6,340.61,340.69,8868,341.092,4851
2020-09-04 12:50:00,340.69,341.07,340.06,340.69,11252,340.452,6014
2020-09-04 12:55:00,340.7,341.03,340.37,340.91,5553,340.683,2927
2020-09-04 13:00:00,340.89,340.9,339.64,339.67,7016,340.139,3606
2020-09-04 13:05:00,339.7,340.11,339.51,339.98,6625,339.764,3658
2020-09-04 13:10:00,339.96,340.22,339.52,340.0,4553,339.9,2445
2020-09-04 13:15:00,340.0,340.0,338.61,338.65,9251,339.228,4466
2020-09-04 13:20:00,338.66,339.61,338.6,339.34,5746,339.292,3014
2020-09-04 13:25:00,339.35,339.93,339.25,339.31,5861,339.574,2852
2020-09-04 13:30:00,339.31,339.32,338.46,338.78,8161,338.917,4068
2020-09-04 13:35:00,338.79,339.92,338.51,339.72,6278,339.307,3315
2020-09-04 13:40:00,339.72,339.97,339.29,339.59,5971,339.561,3421
2020-09-04 13:45:00,339.54,340.4,339.44,339.97,7166,340.1,3084
2020-09-04 13:50:00,339.96,340.28,339.21,340.27,5477,339.652,2652
2020-09-04 13:55:00,340.3,340.58,339.97,340.36,5488,340.331,2724
2020-09-04 14:00:00,340.36,340.76,339.95,340.04,4883,340.375,2604
2020-09-04 14:05:00,340.03,340.62,339.77,340.17,4672,340.128,2633
2020-09-04 14:10:00,340.16,340.32,339.72,339.79,2193,340.003,1264
2020-09-04 14:15:00,339.78,340.79,339.69,340.54,4224,340.423,2178
2020-09-04 14:20:00,340.55,341.0,340.21,340.76,5191,340.685,2722
2020-09-04 14:25:00,340.77,341.61,340.73,341.5,6765,341.269,3502
2020-09-04 14:30:00,341.49,341.58,341.06,341.39,4736,341.323,2536
2020-09-04 14:35:00,341.39,342.9,341.39,342.8,10018,342.196,4754
2020-09-04 14:40:00,342.8,343.45,342.71,343.03,9854,343.143,4945
2020-09-04 14:45:00,343.05,344.35,343.05,343.54,12657,343.777,6374
2020-09-04 14:50:00,343.53,343.86,343.25,343.38,10586,343.508,5456
2020-09-04 14:55:00,343.41,344.63,343.41,344.55,8771,344.047,4487
2020-09-04 15:00:00,344.56,344.64,343.65,344.28,9617,344.139,5304
2020-09-04 15:05:00,344.27,344.65,343.93,344.5,9413,344.398,5094
2020-09-04 15:10:00,344.49,344.51,343.31,343.33,8803,343.898,4977
2020-09-04 15:15:00,343.33,344.91,343.33,344.57,10179,344.444,5479
2020-09-04 15:20:00,344.55,345.12,344.5,345.05,10345,344.933,5663
2020-09-04 15:25:00,345.06,345.4,344.43,345.0,14213,345.054,7223
2020-09-04 15:30:00,345.0,345.01,344.0,344.4,12960,344.595,6833
2020-09-04 15:35:00,344.44,344.61,342.75,343.22,23040,343.389,11581
2020-09-04 15:40:00,343.21,343.57,342.75,342.93,17756,343.118,9013
2020-09-04 15:45:00,342.95,343.99,342.44,342.55,23173,343.205,12188
2020-09-04 15:50:00,342.55,343.42,342.26,343.1,32402,342.924,15745
2020-09-04 15:55:00,343.1,343.39,342.48,342.59,52534,342.883,22342
2020-09-04 16:00:00,342.61,343.5,342.25,342.36,24105,342.549,3850
2020-09-04 16:05:00,342.33,342.63,341.16,342.36,17366,342.343,1681
2020-09-04 16:10:00,342.36,342.43,341.72,341.87,4240,341.983,1226
2020-09-04 16:15:00,341.85,341.99,341.81,341.94,622,341.904,203
2020-09-04 16:20:00,341.94,342.66,341.9,341.99,12120,342.617,146
2020-09-04 16:25:00,341.98,342.57,341.18,341.95,1334,342.09,70
2020-09-04 16:30:00,341.95,342.1,341.62,342.07,1369,341.891,427
2020-09-04 16:35:00,342.03,342.04,341.83,341.95,252,341.967,103
2020-09-04 16:40:00,342.0,342.0,341.65,341.67,393,341.807,140
2020-09-04 16:45:00,341.72,341.79,341.63,341.7,672,341.722,245
2020-09-04 16:50:00,341.73,341.79,341.7,341.71,144,341.729,81
2020-09-04 16:55:00,341.7,341.77,341.55,341.55,233,341.687,69
2020-09-04 17:00:00,341.64,341.9,341.64,341.77,160,341.877,27
2020-09-04 17:05:00,341.88,342.0,341.87,341.91,98,341.936,48
2020-09-04 17:10:00,341.99,342.0,341.99,341.99,117,341.999,13
2020-09-04 17:15:00,341.9,341.99,341.76,341.99,39,341.933,18
2020-09-04 17:20:00,341.95,342.08,341.95,342.08,738,342.042,68
2020-09-04 17:25:00,342.09,342.4,342.08,342.34,1548,342.289,103
2020-09-04 17:30:00,342.35,342.5,342.3,342.3,463,342.381,56
2020-09-04 17:35:00,342.3,342.38,342.2,342.33,225,342.287,36
2020-09-04 17:40:00,342.33,342.45,342.3,342.45,61,342.377,31
2020-09-04 17:45:00,342.4,342.5,342.4,342.5,67,342.452,24
2020-09-04 17:50:00,342.5,342.52,342.43,342.43,106,342.513,20
2020-09-04 17:55:00,342.47,342.48,342.39,342.45,120,342.411,27
2020-09-04 18:00:00,342.45,342.51,342.45,342.51,205,342.503,58
2020-09-04 18:05:00,342.51,342.51,342.51,342.51,99,342.51,99
2020-09-04 18:10:00,342.5,342.51,342.4,342.51,72,342.469,17
2020-09-04 18:15:00,342.4,342.45,342.4,342.41,64,342.421,31
2020-09-04 18:20:00,342.43,342.5,342.43,342.5,17,342.48,7
2020-09-04 18:25:00,342.45,342.46,342.45,342.46,24,342.453,5
2020-09-04 18:30:00,342.45,342.46,342.45,342.46,24,342.452,2
2020-09-04 18:35:00,342.4,342.4,342.37,342.37,10,342.393,4
2020-09-04 18:40:00,342.37,342.37,342.32,342.33,25,342.341,15
2020-09-04 18:45:00,342.32,342.33,342.31,342.31,10,342.326,5
2020-09-04 18:50:00,342.33,342.4,342.33,342.33,41,342.345,17
2020-09-04 18:55:00,342.31,342.31,342.29,342.31,24,342.308,15
2020-09-04 19:00:00,342.29,342.3,342.25,342.25,27,342.264,13
2020-09-04 19:05:00,342.24,342.24,342.23,342.23,11,342.231,2
2020-09-04 19:10:00,342.23,342.25,342.05,342.05,40,342.183,13
2020-09-04 19:15:00,342.05,342.06,342.05,342.05,12,342.057,3
2020-09-04 19:20:00,342.07,342.07,342.06,342.07,5,342.067,5
2020-09-04 19:25:00,342.19,342.2,342.1,342.2,24,342.187,7
2020-09-04 19:30:00,342.15,342.15,342.1,342.1,3,342.117,3
2020-09-04 19:35:00,342.15,342.15,342.0,342.0,54,342.02,22
2020-09-04 19:40:00,342.0,342.0,341.92,341.92,9,341.939,4
2020-09-04 19:45:00,342.0,342.0,342.0,342.0,20,342.0,9
2020-09-04 19:50:00,341.99,342.0,341.86,341.95,27,341.971,12
2020-09-04 19:55:00,341.94,342.0,341.92,342.0,52,341.96,16
